Reading file
1 228
2 243
3 304
4 481
5 1034.24
6 1146.88
7 809
8 1710.08
9 2467.84
10 1863.68
11 1228.8
12 1884.16
13 1218.56
14 1280
15 1812.48
16 872
17 2170.88
18 2181.12
19 1761.28
20 2334.72
21 515
22 861
23 2877.44
24 2201.6
25 1802.24
26 1710.08
27 1751.04
28 1771.52
29 1648.64
30 1454.08
31 1546.24
32 1996.8
33 2314.24
34 1638.4
35 2437.12
36 1269.76
37 1413.12
38 1792
39 1781.76
40 2693.12
41 1597.44
42 2273.28
43 2129.92
44 2467.84
45 1761.28
46 1423.36
47 1822.72
48 2283.52
49 2170.88
50 1740.8
51 1638.4
52 1976.32
53 2037.76
54 1433.6
55 957
56 1566.72
57 2140.16
58 2406.4
59 1669.12
60 2375.68
