Reading file
1 292
2 321
3 1146.88
4 703
5 711
6 968
7 1423.36
8 1259.52
9 787
10 1914.88
11 464
12 649
13 945
14 864
15 902
16 956
17 1832.96
18 1966.08
19 2785.28
20 1587.2
21 1167.36
22 2099.2
23 1710.08
24 1146.88
25 1710.08
26 948
27 1249.28
28 1443.84
29 1259.52
30 1464.32
31 1484.8
32 970
33 779
34 1198.08
35 1382.4
36 1157.12
37 1218.56
38 1290.24
39 1802.24
40 1873.92
41 2549.76
42 1996.8
43 2437.12
44 1710.08
45 1925.12
46 2181.12
47 2088.96
48 1382.4
49 1884.16
50 1157.12
51 1239.04
52 1730.56
53 1730.56
54 1331.2
55 1464.32
56 1464.32
57 1320.96
58 1699.84
59 1484.8
60 1198.08
