Reading file
1 289
2 209
3 406
4 390
5 867
6 1372.16
7 1853.44
8 2048
9 2252.8
10 1576.96
11 1955.84
12 2375.68
13 2590.72
14 1525.76
15 2160.64
16 1976.32
17 1812.48
18 1904.64
19 2529.28
20 1873.92
21 1290.24
22 1382.4
23 1638.4
24 1556.48
25 2334.72
26 1351.68
27 2283.52
28 2437.12
29 1290.24
30 2007.04
31 1966.08
32 1740.8
33 1781.76
34 1771.52
35 959
36 2273.28
37 2129.92
38 2242.56
39 2058.24
40 1515.52
41 1689.6
42 1638.4
43 1802.24
44 1484.8
45 1894.4
46 1576.96
47 1935.36
48 1812.48
49 2314.24
50 2693.12
51 2037.76
52 2181.12
53 2242.56
54 1771.52
55 1751.04
56 2365.44
57 2437.12
58 2519.04
59 2334.72
60 2314.24
