Reading file
1 256
2 494
3 430
4 975
5 1157.12
6 1167.36
7 2119.68
8 1955.84
9 1259.52
10 1812.48
11 960
12 1751.04
13 1945.6
14 1044.48
15 2693.12
16 1556.48
17 1873.92
18 1351.68
19 1515.52
20 1751.04
21 1802.24
22 1556.48
23 1986.56
24 1740.8
25 1474.56
26 1085.44
27 1177.6
28 1955.84
29 1935.36
30 1955.84
31 1679.36
32 1669.12
33 1628.16
34 2150.4
35 1361.92
36 831
37 1464.32
38 1607.68
39 1986.56
40 2734.08
41 1085.44
42 1669.12
43 2447.36
44 2549.76
45 2078.72
46 1331.2
47 903
48 785
49 1372.16
50 1198.08
51 1976.32
52 1607.68
53 2170.88
54 1320.96
55 2170.88
56 1894.4
57 1822.72
58 1075.2
59 1720.32
60 1669.12
