Reading file
1 245
2 625
3 1884.16
4 2037.76
5 1638.4
6 2068.48
7 1863.68
8 2181.12
9 1914.88
10 2304
11 1894.4
12 2099.2
13 2539.52
14 2109.44
15 2283.52
16 2314.24
17 2181.12
18 2293.76
19 2181.12
20 2037.76
21 2181.12
22 2211.84
23 2119.68
24 1955.84
25 2252.8
26 2140.16
27 2119.68
28 2263.04
29 2150.4
30 1996.8
31 2078.72
32 2170.88
33 2385.92
34 2334.72
35 2170.88
36 1832.96
37 2334.72
38 2150.4
39 1966.08
40 2007.04
41 2263.04
42 2539.52
43 2222.08
44 2037.76
45 2396.16
46 2160.64
47 2457.6
48 2344.96
49 2129.92
50 2201.6
51 2160.64
52 2334.72
53 2201.6
54 2560
55 2293.76
56 2263.04
57 2314.24
58 2273.28
59 1966.08
60 2344.96
