Reading file
1 134
2 347
3 410
4 522
5 922
6 1105.92
7 1392.64
8 912
9 1966.08
10 1187.84
11 1218.56
12 1187.84
13 2396.16
14 1546.24
15 1280
16 2007.04
17 1679.36
18 1239.04
19 994
20 1945.6
21 1781.76
22 1945.6
23 2007.04
24 623
25 1628.16
26 1863.68
27 1443.84
28 1925.12
29 1955.84
30 2539.52
31 1607.68
32 1976.32
33 1597.44
34 1617.92
35 1116.16
36 1187.84
37 1320.96
38 1146.88
39 1187.84
40 1669.12
41 1689.6
42 2457.6
43 1280
44 2693.12
45 1546.24
46 1689.6
47 2877.44
48 1720.32
49 2078.72
50 827
51 1239.04
52 839
53 1955.84
54 1761.28
55 2017.28
56 1873.92
57 1894.4
58 1710.08
59 1177.6
60 1996.8
