Reading file
1 332
2 315
3 500
4 935
5 1689.6
6 1607.68
7 1361.92
8 825
9 2344.96
10 1781.76
11 2181.12
12 1935.36
13 2334.72
14 1955.84
15 1495.04
16 856
17 1310.72
18 1730.56
19 2191.36
20 1218.56
21 1464.32
22 2048
23 1710.08
24 1064.96
25 1146.88
26 1269.76
27 1699.84
28 1679.36
29 1894.4
30 2263.04
31 1392.64
32 1802.24
33 1884.16
34 2017.28
35 1392.64
36 1505.28
37 1413.12
38 2037.76
39 2263.04
40 456
41 380
42 1699.84
43 1382.4
44 1392.64
45 1546.24
46 1945.6
47 1873.92
48 2385.92
49 1064.96
50 1935.36
51 1105.92
52 1576.96
53 1761.28
54 1935.36
55 1894.4
56 2385.92
57 2129.92
58 1986.56
59 1044.48
60 2181.12
