Reading file
1 255
2 538
3 917
4 1413.12
5 1546.24
6 1484.8
7 1638.4
8 1914.88
9 2007.04
10 1986.56
11 2027.52
12 2293.76
13 2109.44
14 781
15 1771.52
16 1228.8
17 1904.64
18 1945.6
19 788
20 1873.92
21 1955.84
22 1986.56
23 1587.2
24 944
25 918
26 1617.92
27 2590.72
28 2099.2
29 1556.48
30 1761.28
31 2078.72
32 1935.36
33 2232.32
34 2344.96
35 2201.6
36 2570.24
37 1269.76
38 1484.8
39 1628.16
40 1300.48
41 1566.72
42 1781.76
43 1157.12
44 1792
45 2048
46 1863.68
47 1064.96
48 2437.12
49 1792
50 2027.52
51 2017.28
52 2129.92
53 2222.08
54 2007.04
55 2304
56 1853.44
57 1382.4
58 1361.92
59 1607.68
60 1320.96
