Reading file
1 190
2 276
3 156
4 203
5 682
6 863
7 1167.36
8 1925.12
9 1331.2
10 1280
11 1884.16
12 980
13 1966.08
14 1525.76
15 2385.92
16 2109.44
17 2058.24
18 1085.44
19 1894.4
20 1126.4
21 1536
22 1945.6
23 499
24 1710.08
25 2621.44
26 1802.24
27 1310.72
28 1751.04
29 549
30 2447.36
31 1484.8
32 2078.72
33 1730.56
34 2304
35 2119.68
36 2529.28
37 2344.96
38 1812.48
39 2109.44
40 1423.36
41 2201.6
42 2365.44
43 2140.16
44 2170.88
45 1740.8
46 2519.04
47 1761.28
48 1710.08
49 1710.08
50 1884.16
51 1576.96
52 2037.76
53 1648.64
54 2365.44
55 1146.88
56 2027.52
57 2344.96
58 577
59 1290.24
60 1454.08
