Reading file
1 216
2 468
3 497
4 637
5 1873.92
6 1198.08
7 1198.08
8 2109.44
9 2181.12
10 1884.16
11 1413.12
12 919
13 1587.2
14 2263.04
15 1638.4
16 1771.52
17 1505.28
18 2293.76
19 1300.48
20 1658.88
21 659
22 2088.96
23 1515.52
24 1587.2
25 1669.12
26 1484.8
27 2365.44
28 931
29 1474.56
30 1290.24
31 1853.44
32 1157.12
33 1392.64
34 2754.56
35 1566.72
36 2211.84
37 1587.2
38 1556.48
39 1976.32
40 1126.4
41 1136.64
42 1546.24
43 1054.72
44 935
45 896
46 1669.12
47 1382.4
48 1597.44
49 946
50 1556.48
51 1269.76
52 1372.16
53 1628.16
54 901
55 377
56 1167.36
57 1966.08
58 1679.36
59 1576.96
60 1505.28
