Reading file
1 239
2 881
3 836
4 1648.64
5 993
6 1000
7 1638.4
8 1576.96
9 1525.76
10 1413.12
11 1576.96
12 1832.96
13 1566.72
14 2293.76
15 2119.68
16 1423.36
17 1781.76
18 2314.24
19 2406.4
20 1812.48
21 1904.64
22 1474.56
23 1546.24
24 2713.6
25 1761.28
26 2713.6
27 1454.08
28 1648.64
29 1720.32
30 1607.68
31 1792
32 1341.44
33 2170.88
34 1955.84
35 2017.28
36 1536
37 1843.2
38 1638.4
39 1873.92
40 1986.56
41 1884.16
42 1146.88
43 1955.84
44 1167.36
45 1679.36
46 1372.16
47 2263.04
48 2713.6
49 1955.84
50 2222.08
51 2027.52
52 1628.16
53 1996.8
54 1884.16
55 2099.2
56 1720.32
57 1372.16
58 2242.56
59 1372.16
60 1525.76
