Reading file
1 257
2 1095.68
3 1064.96
4 1443.84
5 1331.2
6 1792
7 1894.4
8 1904.64
9 1628.16
10 1966.08
11 1689.6
12 1740.8
13 1730.56
14 2570.24
15 1331.2
16 1607.68
17 1884.16
18 1402.88
19 1556.48
20 2426.88
21 2170.88
22 2027.52
23 422
24 1290.24
25 2263.04
26 1935.36
27 2385.92
28 1914.88
29 1894.4
30 1546.24
31 1740.8
32 1720.32
33 1228.8
34 1689.6
35 2017.28
36 2058.24
37 1884.16
38 2652.16
39 2078.72
40 2140.16
41 2652.16
42 2007.04
43 2017.28
44 1986.56
45 2324.48
46 2048
47 1474.56
48 1720.32
49 2385.92
50 1300.48
51 1996.8
52 1976.32
53 1474.56
54 2283.52
55 1781.76
56 2355.2
57 2252.8
58 1054.72
59 2129.92
60 1761.28
