Reading file
1 290
2 317
3 1085.44
4 1454.08
5 996
6 808
7 1495.04
8 1597.44
9 1771.52
10 2048
11 1761.28
12 1300.48
13 1822.72
14 1710.08
15 2160.64
16 1218.56
17 1925.12
18 371
19 1474.56
20 1792
21 1976.32
22 798
23 1044.48
24 2334.72
25 1843.2
26 2140.16
27 1126.4
28 2211.84
29 1505.28
30 1904.64
31 1566.72
32 1812.48
33 1157.12
34 1198.08
35 1699.84
36 1628.16
37 2334.72
38 1679.36
39 1966.08
40 2283.52
41 1802.24
42 1832.96
43 2682.88
44 2478.08
45 1597.44
46 1382.4
47 1597.44
48 2252.8
49 1638.4
50 2129.92
51 1904.64
52 2088.96
53 1996.8
54 1873.92
55 1802.24
56 1812.48
57 2897.92
58 2170.88
59 2355.2
60 1679.36
