Reading file
1 315
2 309
3 1249.28
4 1228.8
5 1607.68
6 1218.56
7 1372.16
8 1341.44
9 1505.28
10 1832.96
11 2396.16
12 2068.48
13 1597.44
14 1689.6
15 1751.04
16 2017.28
17 1566.72
18 1781.76
19 1484.8
20 1894.4
21 1812.48
22 2119.68
23 1638.4
24 2437.12
25 1576.96
26 1689.6
27 1280
28 1976.32
29 1669.12
30 2037.76
31 1873.92
32 2058.24
33 2375.68
34 2457.6
35 1812.48
36 974
37 2027.52
38 1914.88
39 2283.52
40 2508.8
41 1812.48
42 976
43 1556.48
44 2170.88
45 1996.8
46 2560
47 2017.28
48 2017.28
49 2058.24
50 1761.28
51 1638.4
52 1771.52
53 1986.56
54 1925.12
55 1751.04
56 2406.4
57 1198.08
58 1751.04
59 1105.92
60 1904.64
