Reading file
1 380
2 714
3 1064.96
4 601
5 1320.96
6 1157.12
7 1126.4
8 1822.72
9 1515.52
10 2211.84
11 1290.24
12 1658.88
13 1781.76
14 2170.88
15 1105.92
16 437
17 1761.28
18 1576.96
19 1873.92
20 1474.56
21 1290.24
22 2355.2
23 2447.36
24 1843.2
25 1996.8
26 2078.72
27 2406.4
28 1218.56
29 2232.32
30 1157.12
31 1167.36
32 2068.48
33 1320.96
34 1126.4
35 1802.24
36 1495.04
37 1607.68
38 1546.24
39 392
40 1699.84
41 1474.56
42 927
43 1884.16
44 1802.24
45 1607.68
46 1167.36
47 1382.4
48 1536
49 1679.36
50 1280
51 2140.16
52 1689.6
53 833
54 1914.88
55 1484.8
56 2007.04
57 1300.48
58 873
59 1853.44
60 1955.84
