Reading file
1 240
2 498
3 991
4 1658.88
5 1802.24
6 1884.16
7 2088.96
8 2007.04
9 2191.36
10 2324.48
11 1986.56
12 2191.36
13 1863.68
14 2600.96
15 1955.84
16 1966.08
17 2242.56
18 2119.68
19 2611.2
20 2109.44
21 2314.24
22 2201.6
23 2242.56
24 2170.88
25 2222.08
26 2355.2
27 2304
28 2293.76
29 2344.96
30 2222.08
31 2129.92
32 2457.6
33 2334.72
34 2088.96
35 2242.56
36 2600.96
37 2375.68
38 2099.2
39 2304
40 2293.76
41 2252.8
42 2099.2
43 2232.32
44 2426.88
45 2222.08
46 2191.36
47 1884.16
48 2119.68
49 2805.76
50 2088.96
51 2324.48
52 2314.24
53 2017.28
54 2140.16
55 2058.24
56 2273.28
57 2222.08
58 2140.16
59 1802.24
60 2416.64
