Reading file 
1 271
2 551
3 1392.64
4 627
5 1320.96
6 389
7 1341.44
8 1433.6
9 1239.04
10 1576.96
11 1781.76
12 1372.16
13 2508.8
14 741
15 2273.28
16 1699.84
17 1505.28
18 1955.84
19 2048
20 2539.52
21 1433.6
22 1914.88
23 1658.88
24 1976.32
25 2068.48
26 1761.28
27 1873.92
28 1300.48
29 1146.88
30 1966.08
31 2437.12
32 876
33 1402.88
34 2007.04
35 2652.16
36 2140.16
37 1167.36
38 1904.64
39 1822.72
40 1372.16
41 1320.96
42 2600.96
43 1802.24
44 2222.08
45 2027.52
46 2222.08
47 1392.64
48 1085.44
49 1996.8
50 1423.36
51 1249.28
52 1146.88
53 1658.88
54 1413.12
55 1771.52
56 1699.84
57 2048
58 1208.32
59 1372.16
60 683
