Reading file 
1 400
2 899
3 1239.04
4 1198.08
5 408
6 654
7 884
8 626
9 553
10 1679.36
11 1198.08
12 874
13 1863.68
14 1146.88
15 808
16 1751.04
17 2109.44
18 614
19 1105.92
20 2672.64
21 2150.4
22 921
23 530
24 1669.12
25 2017.28
26 1710.08
27 2406.4
28 2099.2
29 1382.4
30 726
31 447
32 728
33 1935.36
34 1781.76
35 2048
36 2324.48
37 1515.52
38 1884.16
39 1710.08
40 508
41 1361.92
42 1095.68
43 1034.24
44 1843.2
45 964
46 2222.08
47 2211.84
48 1167.36
49 383
50 435
51 376
52 903
53 628
54 389
55 516
56 2273.28
57 2129.92
58 1863.68
59 1443.84
60 1771.52
