Reading file
1 201
2 336
3 421
4 967
5 1935.36
6 1505.28
7 1218.56
8 2304
9 708
10 1914.88
11 2007.04
12 1751.04
13 1904.64
14 1648.64
15 1136.64
16 1607.68
17 1658.88
18 1771.52
19 2037.76
20 2160.64
21 1484.8
22 1280
23 1966.08
24 2314.24
25 712
26 2222.08
27 1269.76
28 1331.2
29 2406.4
30 2498.56
31 917
32 2293.76
33 1955.84
34 2283.52
35 1198.08
36 1689.6
37 1617.92
38 1495.04
39 1843.2
40 1566.72
41 1597.44
42 1802.24
43 2519.04
44 1464.32
45 1556.48
46 1392.64
47 1597.44
48 2129.92
49 1310.72
50 1669.12
51 1505.28
52 1658.88
53 1525.76
54 1423.36
55 2314.24
56 1771.52
57 1658.88
58 1290.24
59 1228.8
60 1505.28
