Reading file
1 218
2 366
3 772
4 1228.8
5 1382.4
6 1894.4
7 1935.36
8 2334.72
9 2027.52
10 2017.28
11 2140.16
12 2232.32
13 2334.72
14 2375.68
15 2293.76
16 2406.4
17 1894.4
18 1873.92
19 2078.72
20 2191.36
21 2140.16
22 1996.8
23 2099.2
24 2181.12
25 2201.6
26 2304
27 2242.56
28 1914.88
29 2252.8
30 2109.44
31 2211.84
32 2437.12
33 2181.12
34 2048
35 2181.12
36 2068.48
37 2437.12
38 2201.6
39 2201.6
40 2017.28
41 2529.28
42 2099.2
43 2048
44 1966.08
45 2170.88
46 1781.76
47 2007.04
48 2088.96
49 2242.56
50 2129.92
51 2170.88
52 2334.72
53 2396.16
54 2263.04
55 2293.76
56 2549.76
57 2324.48
58 2355.2
59 2273.28
60 2078.72
