Reading file
1 420
2 1218.56
3 1372.16
4 864
5 586
6 384
7 439
8 387
9 393
10 391
11 400
12 1474.56
13 1505.28
14 1228.8
15 1740.8
16 905
17 1136.64
18 1925.12
19 1925.12
20 1361.92
21 1259.52
22 1771.52
23 1710.08
24 1730.56
25 1966.08
26 648
27 2232.32
28 1024
29 2088.96
30 1310.72
31 845
32 772
33 1515.52
34 1146.88
35 1382.4
36 502
37 640
38 1669.12
39 458
40 433
41 437
42 1300.48
43 1802.24
44 1392.64
45 1699.84
46 2560
47 1341.44
48 1372.16
49 651
50 596
51 2027.52
52 1597.44
53 908
54 1556.48
55 1402.88
56 810
57 1249.28
58 1454.08
59 1228.8
60 1126.4
