Reading file
1 344
2 289
3 525
4 895
5 1566.72
6 1740.8
7 1064.96
8 1249.28
9 998
10 2375.68
11 1955.84
12 1638.4
13 1996.8
14 2621.44
15 1331.2
16 1935.36
17 2201.6
18 1976.32
19 1576.96
20 1536
21 1832.96
22 1894.4
23 2682.88
24 2508.8
25 1853.44
26 1832.96
27 2529.28
28 1423.36
29 1495.04
30 2017.28
31 2396.16
32 1075.2
33 2549.76
34 1095.68
35 2068.48
36 2488.32
37 2252.8
38 1617.92
39 1433.6
40 1873.92
41 1136.64
42 2170.88
43 1894.4
44 2672.64
45 1751.04
46 1925.12
47 1515.52
48 2181.12
49 2406.4
50 2416.64
51 2058.24
52 1873.92
53 2109.44
54 1280
55 1976.32
56 1484.8
57 1638.4
58 1669.12
59 2068.48
60 2191.36
